-12 -15 -12 -12 -17 -13 -25 -24 -32 -35 -32 -29 -24 -20 -12 -5 -6 
36 26 41 50 45 31 29 19 7 5 27 29 38 48 41 45 59
-8 -10 -13 -8 -13 -10 12 25 50 43 39 27 7 -7 -4 -9 -5
-3 -11 -10 -11 -10 -7 -5 -23 -26 -23 -2 5 -1 -3 3 -5 -9
22 25 28 25 21 9 -23 -34 -49 -40 -29 -12 9 20 13 18 13
-3 -8 -18 -17 -7 2 26 68 97 58 19 -2 -18 -14 -18 -11 -11
15 9 -4 -7 8 -2 12 8 8 5 -4 1 -3 -5 -5 -10 -9 
7 12 19 14 7 1 -21 -42 -66 -55 -26 -14 14 18 4 2 1
-12 -7 -10 -9 -1 5 11 5 0 9 5 -8 -20 -15 -7 -10 -12 
2 8 11 11 11 2 -23 -42 -65 -63 -52 -39 -15 -11 -10 -6 0
11 14 4 3 -9 -16 -33 -52 -62 -77 -71 -54 -32 -7 3 9 9 
-2 -8 -11 1 8 12 32 51 61 31 18 6 -6 -8 -4 2 2 
4 8 4 -1 5 15 39 76 120 159 98 59 32 17 11 3 0
-1 -11 -12 -15 -17 -4 5 -5 -13 1 1 2 -2 -5 -1 -9 -20
-4 -9 -8 -10 -10 -13 -18 -16 -14 -9 -14 -16 -14 -11 -5 -3 -2
-3 -4 -4 -4 4 11 22 26 41 31 20 13 3 5 4 8 11 
-5 -5 -5 -4 -7 -5 0 2 15 21 29 30 19 7 3 -4 -5
3 17 20 20 8 -2 -26 -46 -68 -51 -20 3 25 24 23 15 11
5 9 28 28 12 -16 -32 -46 -53 -38 -20 5 13 30 9 2 16
10 7 12 7 6 3 7 -1 -31 -14 -11 11 13 1 3 12 15   