19 21 22 24 34 36 44 47 60 60 53 50 44 40 31 23 24
-47 -45 -44 -47 -44 -36 -44 -55 -56 -58 -54 -55 -58 -58 -59 -53 -66
14 15 14 15 17 21 15 17 -7 -11 -31 -42 -28 -12 -8 1 -5
14 16 15 20 26 27 34 52 62 57 32 15 19 12 6 7 9
-19 -14 -10 -4 -2 -1 6 -1 10 10 12 12 -4 -5 2 0 2
5 2 1 -5 -22 -30 -50 -70 -92 -52 -28 -21 -13 -17 -8 -6 -6
-22 -20 -9 -10 -19 -10 -14 -7 -11 -4 0 -3 -2 2 6 11 12
7 7 0 0 1 1 2 -5 1 2 1 7 -6 -3 10 8 6
-2 -1 -1 -1 -6 -9 -6 5 17 17 21 27 35 33 21 22 23
0 -1 0 6 9 16 30 33 45 47 51 53 37 32 30 25 18 
4 3 15 23 30 30 39 36 45 54 57 53 44 29 30 14 1
2 3 2 -5 -9 -10 -16 -17 -31 -16 -17 -16 -9 -8 -9 -10 -5
-12 -15 -14 -19 -23 -25 -30 -48 -82 -195 -145 -104 -67 -49 -43 -33 -17 
-4 3 7 4 13 8 10 24 35 32 31 21 18 18 9 8 6 
5 3 6 13 7 13 19 27 34 32 36 41 33 29 23 21 18
-10 -7 -10 -10 -16 -17 -25 -21 -39 -35 -39 -41 -32 -35 -34 -35 -33
1 -1 -6 -8 -6 -11 -16 -25 -48 -47 -48 -46 -34 -31 -34 -26 -24
-5 -12 -13 -14 -13 -19 -17 -20 -15 -22 -22 -20 -26 -19 -15 -10 -5
0 -4 -12 -19 -7 14 16 12 18 17 12 8 1 -6 1 3 -13 
-22 -19 -17 -20 -16 -21 -30 -32 -8 -10 -4 -12 -17 -9 -10 -14 -15