-8 -7 -13 -17 -23 -33 -26 -32 -43 -37 -30 -30 -26 -27 -26 -25 -25
3 13 -9 -20 -15 -3 9 33 47 51 21 19 9 -5 7 -5 -14
-7 -5 0 -9 -4 -14 -42 -73 -83 -59 -21 10 22 24 16 11 13
-14 -5 -5 -11 -21 -27 -45 -44 -57 -54 -46 -29 -25 -12 -12 -2 0
-9 -20 -32 -34 -30 -12 24 44 49 39 24 2 -9 -23 -24 -29 -23
-3 9 24 29 34 30 18 -23 -48 -27 6 27 39 38 33 23 23 
6 11 17 22 12 16 0 -2 3 -2 5 3 8 4 -1 1 -3 
-21 -30 -31 -21 -12 -3 26 58 76 64 33 11 -14 -24 -20 -14 -11
20 12 15 14 8 4 -8 -14 -25 -40 -39 -27 -20 -24 -20 -15 -15
-2 -10 -18 -27 -30 -27 -6 15 27 21 2 -19 -31 -29 -28 -26 -25
-22 -26 -29 -40 -31 -17 -7 23 24 28 17 2 -15 -31 -53 -36 -16
1 8 14 5 0 -6 -30 -65 -62 -28 -6 11 18 21 16 10 3
9 7 12 24 20 8 -22 -65 -108 -64 -8 17 25 30 32 31 21
6 12 8 16 8 -5 -22 -27 -30 -52 -49 -34 -22 -17 -9 2 20
0 8 3 -3 5 2 1 -14 -26 -32 -30 -35 -27 -26 -25 -25 -21 
16 14 17 19 14 5 -3 -13 -15 -4 15 27 32 32 31 28 21
6 8 14 15 16 21 19 25 31 22 13 9 12 25 34 34 34 
1 -11 -15 -11 4 25 51 75 91 81 49 19 -6 -12 -16 -11 -11
-8 -8 -28 -19 -9 5 23 44 45 30 13 -18 -22 -40 -15 -7 -9 
13 13 4 14 12 20 24 37 48 31 20 -1 2 11 7 0 -4   